Sung, 0.000000, 0.000000, 0.000000Lee, 0.000000, 0.000000, 0.000000Kim, 0.000000, 0.000000, 0.000000Park, 0.000000, 0.000000, 0.000000Yun, 0.000000, 0.000000, 0.000000Aro, 0.000000, 0.000000, 0.000000Eon, 0.000000, 0.000000, 0.000000Sung, 0.000000, 0.000000, 0.000000Lee, 0.000000, 0.000000, 0.000000Kim, 0.000000, 0.000000, 0.000000Park, 0.000000, 0.000000, 0.000000Yun, 0.000000, 0.000000, 0.000000Aro, 0.000000, 0.000000, 0.000000Eon, 0.000000, 0.000000, 0.000000Sung, 0.00, 0.00, 0.00 
Lee, 0.00, 0.00, 0.00 
Kim, 0.00, 0.00, 0.00 
Park, 0.00, 0.00, 0.00 
Yun, 0.00, 0.00, 0.00 
Aro, 0.00, 0.00, 0.00 
Eon, 0.00, 0.00, 0.00 
Sung, 0.00, 0.00, 0.00 
Lee, 0.00, 0.00, 0.00 
Kim, 0.00, 0.00, 0.00 
Park, 0.00, 0.00, 0.00 
Yun, 0.00, 0.00, 0.00 
Aro, 0.00, 0.00, 0.00 
Eon, 0.00, 0.00, 0.00 
